##################################
I_SHAPE                                                  
												  										   												   
Move 1		      [1]										   
		      [2]										   
		      [3]										   
		      [4]										   
												   
Move 2		[4][3][2][1]										   
												   
Move 3		      [4]										   
		      [3]										   
		      [2]										   
		      [1]	

Move 4		[1][2][3][4]			

##################################			
O_SHAPE												   
												   
Move 1		   [2][1]
		   [3][4]										
												   
Move 2		   [3][4]												   
		   [2][1]									   
												   
Move 3		   [2][3]												   
		   [1][4]								   
												   
Move 4		   [1][2]												   
		   [4][3]									   

##################################		
Z_SHAPE											   
												   
Move 1		   [1][2]										   
		      [3][4]								   
												   
Move 2		      [1]											   
		   [3][2]								   
		   [4]									   
												   
Move 3		   [4][3]										   
		      [2][1]								   
												   
Move 4		      [4]											   
		   [2][3]								   
		   [1]	

##################################
S_SHAPE

Move 1 		     [2][1]			
		  [4][3]									   
												   
Move 2		     [4]												   
		     [3][2]								   
			[1]								   
												   
Move 3 		     [3][4]			
		  [1][2]									   
												   
Move 4		     [1]												   
		     [2][3]								   
			[4]												   
												   
##################################												   
T_SHAPE												   
												   
Move 1  	  [1][2][3]												   
		     [4]

Move 2		     [1]			   
		  [4][2]									   
		     [3]			  
												   
Move 3		     [4]												   
		  [3][2][1]								   
												   
Move 4		     [3]												   
		     [2][4]									   
		     [1]									   
												   
##################################												   
L_SHAPE

Move 1		     [1]									   
		     [2]								   
		     [3][4]								   
												   
Move 2		  [3][2][1]										   
		  [4]	

Move 3		  [4][3]
		     [2]
		     [1]
												   
Move 2		        [4]				
		  [1][2][3]									   
												   
##################################												   
J_SHAPE

Move 1		     [1]									   
		     [2]								   
		  [4][3]								   
												   
Move 2		  [4]
		  [3][2][1]										   	

Move 3		     [3][4]
		     [2]
		     [1]
												   
Move 2		  [1][2][3]												   
			[4]								   
												   
